100
24932
84358
244419
10168272
3000
226297
10745378
150849
10594529
2242022
8352507
8352507
3236975
3236975
3236975
301698
85782
364455
34115
4621130
4664245
1039790
1369277
98244
1467521
41040
41040
1042000
1042000
2242022
1372
3034
3967
76
11807
5
4571
24932
24932
84358
84358
28296
28296
28296
28296
4214
4214
24082
24082
4214
4214
5250000
5250000
5250000
5250000
25000
445654
4155
834512
4415488
4415488
29118
29118
29118
29118
29118
29118
1660575
1660575
1660575
1660575
902
83332
84234
1576341
1576341
83332
83332
1475500
1475500
1475500
1475500
25945
231498
1281
460
352257
1123243
1123243
3000000
3000000
3000000
3000000
3000000
3000000
699540
699540
699540
3000
6020947
6020947
5560345
5560345
5560345
118500
100
100
118400
14682
161250
175932
87966
4880
4147325
4147325
3830055
125766
62883
100
100
250000
9390400
250000
100
249900
9140500
82265
82265
1
100
1
24932
84358
3000
3000
106290
13737
13737
13737
92553
10594529
250000
10344529
92553
3517
100
25
6
1
100
25
6
1
41680
1410
43090
100
43115
6
1
7
7
15750
50750
21000
22050
109550
13720
13720
84358
84358
84358
203700
203700
22597
22597
226297
226297
7
109550
13720
1245741
259
1369277
42000
1000000
1042000
1042000
2550561
2550561
2040449
10594529
309900
10284629
308539
308539
2242022
28296
28296
5250000
5250000
29118
29118
562500
1098075
1660575
1475500
1475500
3000000
3000000
6020947
6020947
4147325
4147325
13737
13737
2242022
13737
1.0000000
13737
13737
10594529
10594529
